IsDap: True
Mi: 15
Crossover probability: 0.7
Mutation probability: 0.3
Seed: 765
Stop criteria type: NumberOfGenerations
Stop value: 200

18

1 216 3
2 195 3
3 181 2
4 178 2
5 289 4
6 124 2
7 154 2
8 142 2
9 105 2
10 148 2
11 218 3
12 159 2
13 192 2
14 252 3
15 138 2
16 108 2
17 137 2
18 183 2

66

1 4
1 4 2 3 3 6 4 5 


2 3
1 5 2 9 3 3 


3 4
1 5 2 5 3 5 4 1 


4 4
1 4 2 1 3 3 4 2 


5 4
1 2 2 5 3 7 4 3 


6 4
1 5 2 3 3 5 4 7 


7 4
1 2 2 6 3 2 4 5 


8 4
1 3 2 7 3 4 4 4 


9 4
1 8 2 4 3 4 4 3 


10 4
1 1 2 5 3 4 4 4 


11 4
1 2 2 4 3 4 4 2 


12 4
1 4 2 2 3 3 4 3 


13 4
1 4 2 3 3 4 4 5 


14 4
1 5 2 1 3 4 4 7 


15 4
1 6 2 2 3 3 4 3 


16 4
1 3 2 3 3 2 4 5 


17 3
1 3 2 4 3 4 


18 4
1 7 2 7 3 2 4 4 


19 3
1 1 2 9 3 8 


20 4
1 3 2 3 3 5 4 5 


21 4
1 4 2 6 3 2 4 7 


22 4
1 4 2 6 3 3 4 2 


23 4
1 4 2 3 3 4 4 4 


24 4
1 5 2 4 3 7 4 3 


25 4
1 3 2 6 3 7 4 3 


26 3
1 6 2 7 3 4 


27 4
1 2 2 3 3 3 4 3 


28 2
1 4 2 11 


29 4
1 3 2 6 3 2 4 1 


30 4
1 3 2 5 3 0 4 2 


31 3
1 4 2 2 3 6 


32 4
1 5 2 5 3 1 4 0 


33 3
1 7 2 3 3 2 


34 4
1 4 2 4 3 0 4 3 


35 4
1 4 2 2 3 4 4 1 


36 2
1 4 2 7 


37 4
1 5 2 1 3 4 4 5 


38 3
1 6 2 4 3 7 


39 4
1 5 2 6 3 3 4 6 


40 4
1 2 2 5 3 2 4 4 


41 4
1 3 2 3 3 3 4 4 


42 3
1 5 2 3 3 7 


43 4
1 1 2 7 3 3 4 2 


44 4
1 4 2 5 3 6 4 4 


45 4
1 1 2 2 3 6 4 6 


46 4
1 0 2 8 3 5 4 0 


47 4
1 2 2 6 3 4 4 7 


48 3
1 10 2 2 3 7 


49 4
1 0 2 4 3 4 4 4 


50 4
1 3 2 5 3 3 4 6 


51 4
1 4 2 0 3 3 4 6 


52 3
1 5 2 5 3 8 


53 4
1 6 2 4 3 6 4 3 


54 4
1 1 2 4 3 9 4 2 


55 4
1 3 2 5 3 5 4 3 


56 4
1 4 2 4 3 2 4 3 


57 3
1 5 2 5 3 6 


58 2
1 11 2 7 


59 4
1 3 2 2 3 2 4 8 


60 2
1 8 2 10 


61 1
1 14 


62 4
1 3 2 3 3 7 4 5 


63 4
1 9 2 4 3 3 4 4 


64 4
1 5 2 4 3 5 4 4 


65 2
1 8 2 2 


66 4
1 6 2 4 3 3 4 4 


